4,0
3,3
3,2
3,1
3,0
2,5
2,4
2,3
2,2
2,1
2,0
1,3
1,2
1,1
1,0
0,397
0,396
0,395
0,394
0,393
0,392
0,391
0,390
0,389
0,388
0,387
0,386
0,385
0,384
0,383
0,382
0,381
0,380
0,379
0,378
0,377
0,376
0,375
0,374
0,373
0,372
0,371
0,370
0,368
0,367
0,366
0,365
0,364
0,363
0,362
0,361
0,360
0,359
0,358
0,357
0,356
0,355
0,354
0,353
0,352
0,351
0,349
0,348
0,347
0,346
0,345
0,344
0,343
0,342
0,341
0,340
0,339
0,338
0,337
0,336
0,335
0,334
0,333
0,332
0,331
0,330
0,329
0,328
0,327
0,326
0,325
0,324
0,323
0,322
0,321
0,320
0,319
0,318
0,317
0,316
0,315
0,314
0,313
0,312
0,311
0,310
0,309
0,308
0,307
0,306
0,300
0,299
0,298
0,297
0,296
0,295
0,294
0,293
0,292
0,291
0,290
0,289
0,288
0,287
0,286
0,285
0,284
0,283
0,282
0,281
0,280
0,279
0,278
0,277
0,276
0,275
0,274
0,273
0,272
0,271
0,270
0,269
0,268
0,267
0,266
0,265
0,264
0,263
0,262
0,261
0,260
0,259
0,258
0,257
0,256
0,255
0,254
0,253
0,252
0,251
0,250
0,249
0,248
0,247
0,246
0,245
0,244
0,243
0,242
0,241
0,240
0,239
0,238
0,237
0,236
0,235
0,234
0,233
0,232
0,231
0,230
0,229
0,228
0,227
0,226
0,225
0,224
0,223
0,222
0,221
0,220
0,219
0,218
0,217
0,216
0,215
0,214
0,213
0,212
0,211
0,210
0,209
0,208
0,207
0,206
0,205
0,204
0,203
0,202
0,201
0,200
0,199
0,198
0,197
0,196
0,195
0,194
0,193
0,192
0,63
0,62
0,61
0,60
0,59
0,58
0,57
0,56
0,55
0,54
0,53
0,52
0,51
0,50
0,49
0,48
0,47
0,46
0,45
0,9
0,2
4,1
4,2
5,0
5,1
5,3
5,4
6,1
6,3
6,4
7,1
7,2
7,4
8,1
8,2
9,0
9,1
9,3
10,0
10,2
11,0
11,1
11,3
11,4
12,1
12,3
13,0
13,2
13,3
14,1
14,2
15,0
15,2
15,3
16,1
16,2
17,0
17,2
17,3
18,1
18,2
19,0
19,1
19,3
20,0
20,1
20,3
21,0
21,2
22,0
22,1
22,3
22,4
24,1
24,3
28,0
28,2
28,3
29,1
29,2
29,4
30,0
30,1
30,3
31,1
32,1
33,1
33,2
32,2
31,2
30,2
29,5
29,3
29,0
28,1
24,2
24,0
22,2
21,3
21,1
20,2
19,4
19,2
18,3
18,0
17,1
16,3
16,0
15,1
14,3
14,0
13,1
12,2
12,0
11,2
10,3
10,1
9,2
8,3
8,0
7,3
7,0
6,2
6,0
5,2
4,3
31,45
33,44
32,44
31,44
33,43
32,43
31,43
33,42
32,42
31,42
33,41
32,41
31,41
33,40
32,40
31,40
33,39
32,39
31,39
33,38
32,38
31,38
33,37
32,37
31,37
33,36
32,36
31,36
33,35
32,35
31,35
33,34
32,34
31,34
33,33
32,33
31,33
33,32
32,32
31,32
33,31
32,31
31,31
33,30
32,30
31,30
33,29
32,29
31,29
33,28
32,28
31,28
33,27
32,27
31,27
33,26
32,26
31,26
33,25
32,25
31,25
33,24
32,24
31,24
33,23
32,23
31,23
33,22
32,22
31,22
33,21
32,21
31,21
33,20
32,20
31,20
33,19
32,19
31,19
33,18
32,18
31,18
33,17
32,17
31,17
33,16
32,16
31,16
33,15
32,15
31,15
33,14
32,14
31,14
33,13
32,13
31,13
33,12
32,12
31,12
33,11
32,11
31,11
33,10
32,10
31,10
33,9
32,9
31,9
33,8
32,8
31,8
33,7
32,7
31,7
33,6
32,6
31,6
33,5
32,5
31,5
33,4
32,4
31,4
33,3
33,0
32,3
32,0
31,3
31,0
0,301
0,6
0,0
0,304
0,303
0,369
0,305
0,302
0,12
0,10
0,8
0,11
0,5
0,7
0,4
0,3
